header: 
  seq: 9080
  stamp: 
    secs: 1490536244
    nsecs: 663063042
  frame_id: right_hand_camera_rgb_optical_frame
height: 480
width: 640
distortion_model: plumb_bob
D: [0.04045457236591511, -0.1301897094320802, 0.00243900156763349, -0.001857179706829186, 0.0]
K: [546.2591810963445, 0.0, 322.981356532632, 0.0, 546.0346556070439, 251.2235802876, 0.0, 0.0, 1.0]
R: [1.0, 0.0, 0.0, 0.0, 1.0, 0.0, 0.0, 0.0, 1.0]
P: [544.6300048828125, 0.0, 321.493124500339, 0.0, 0.0, 546.447998046875, 251.566573459786, 0.0, 0.0, 0.0, 1.0, 0.0]
binning_x: 0
binning_y: 0
roi: 
  x_offset: 0
  y_offset: 0
  height: 0
  width: 0
  do_rectify: False