frame_id: /base
initial_orientation: [-0.000140924414154, -0.0231196712703, -0.0221340823919, 0.999488055706]
initial_x: 1.42011678219
initial_y: -0.00628961622715
initial_z: 0.444360584021
object_a: 0.2
object_b: 0.2
object_g: 0.0
object_r: 0.0
object_type: cube
object_x: 0.865
object_y: 0.865
object_z: 1.0
publish_tf: true
tf_frame: kiva_pod_base
