frame_id: /base
initial_orientation: [-7.57114195374e-06, -0.00955560178619, -0.00465543257775, 0.999943507087]
initial_x: 1.39430713654
initial_y: -0.0421384423971
initial_z: 0.502803325653
object_a: 0.2
object_b: 0.2
object_g: 0.0
object_r: 0.0
object_type: cube
object_x: 0.865
object_y: 0.865
object_z: 1.0
publish_tf: true
tf_frame: kiva_pod_base
