image_width: 640
image_height: 480
camera_name: senz3d
camera_matrix:
  rows: 3
  cols: 3
  data: [583.900706, 0, 308.483611, 0, 584.157684, 237.833695, 0, 0, 1]
distortion_model: plumb_bob
distortion_coefficients:
  rows: 1
  cols: 5
  data: [-0.000801, 0.007960999999999999, 0.002615, 0.000583, 0]
rectification_matrix:
  rows: 3
  cols: 3
  data: [1, 0, 0, 0, 1, 0, 0, 0, 1]
projection_matrix:
  rows: 3
  cols: 4
  data: [585.086121, 0, 308.40564, 0, 0, 584.23053, 238.588674, 0, 0, 0, 1, 0]
