image_width: 1280
image_height: 720
camera_name: senz3d
camera_matrix:
  rows: 3
  cols: 3
  data: [1042.996218, 0, 576.703811, 0, 1041.48698, 331.406945, 0, 0, 1]
distortion_model: plumb_bob
distortion_coefficients:
  rows: 1
  cols: 5
  data: [0.052092, -0.052366, 0.001655, -0.005913, 0]
rectification_matrix:
  rows: 3
  cols: 3
  data: [1, 0, 0, 0, 1, 0, 0, 0, 1]
projection_matrix:
  rows: 3
  cols: 4
  data: [1054.493164, 0, 568.887307, 0, 0, 1059.979614, 332.091691, 0, 0, 0, 1, 0]
