%YAML:1.0
depthShift: -4.3307284741752037e+00
