%YAML:1.0
cameraMatrix: !!opencv-matrix
   rows: 3
   cols: 3
   dt: d
   data: [ 3.6547676075222302e+02, 0., 2.5255537929360170e+02, 0.,
       3.6523481327630066e+02, 2.0071639915134244e+02, 0., 0., 1. ]
distortionCoefficients: !!opencv-matrix
   rows: 1
   cols: 5
   dt: d
   data: [ 1.0560325705549642e-01, -2.4167987603530786e-01,
       -3.4047300945142045e-03, -6.8272102250157901e-04,
       2.0283366749475652e-02 ]
rotation: !!opencv-matrix
   rows: 3
   cols: 3
   dt: d
   data: [ 1., 0., 0., 0., 1., 0., 0., 0., 1. ]
projection: !!opencv-matrix
   rows: 4
   cols: 4
   dt: d
   data: [ 3.6547676075222302e+02, 0., 2.5255537929360170e+02, 0., 0.,
       3.6523481327630066e+02, 2.0071639915134244e+02, 0., 0., 0., 1.,
       0., 0., 0., 0., 1. ]
