%YAML:1.0
rotation: !!opencv-matrix
   rows: 3
   cols: 3
   dt: d
   data: [ 9.9994857572650608e-01, 3.9836865869869696e-03,
       9.3261001339622306e-03, -3.9358332029498129e-03,
       9.9997902470263578e-01, -5.1438673937001158e-03,
       -9.3463960717801824e-03, 5.1068968994951829e-03,
       9.9994328063372040e-01 ]
translation: !!opencv-matrix
   rows: 3
   cols: 1
   dt: d
   data: [ -5.5220887636076535e-02, -5.2905661388916668e-04,
       -1.0963182935772251e-02 ]
essential: !!opencv-matrix
   rows: 3
   cols: 3
   dt: d
   data: [ -3.8204486750822200e-05, 1.0960251142168987e-02,
       -5.8541976536778922e-04, -1.1478735449336639e-02,
       2.3833349504413082e-04, 5.5115511800478467e-02,
       7.4636961059159105e-04, -5.5217621765801139e-02,
       2.8898295832005728e-04 ]
fundamental: !!opencv-matrix
   rows: 3
   cols: 3
   dt: d
   data: [ -2.1217208757820377e-08, 6.0909072437970873e-06,
       -1.3360095902726578e-03, -6.3757253761522461e-06,
       1.3246716370024592e-07, 1.2772065874351755e-02,
       3.7428246468865336e-03, -3.7622047688391759e-02, 1. ]
