image_width: 640
image_height: 480
camera_name: "depth_Orbbec_Orbbec    "
camera_matrix:
  rows: 3
  cols: 3
  data: [585.2808975407984, 0, 309.6447685323375, 0, 582.9994083648095, 258.3487991462197, 0, 0, 1]
distortion_model: plumb_bob
distortion_coefficients:
  rows: 1
  cols: 5
  data: [-0.07024047708463095, 0.07819725142443629, 0.008187479731571945, -0.0127277953997142, 0]
rectification_matrix:
  rows: 3
  cols: 3
  data: [1, 0, 0, 0, 1, 0, 0, 0, 1]
projection_matrix:
  rows: 3
  cols: 4
  data: [577.4039916992188, 0, 301.3082521869837, 0, 0, 579.316650390625, 261.5262635252075, 0, 0, 0, 1, 0]