image_width: 640
image_height: 480
camera_name: "depth_Orbbec_Orbbec    "
camera_matrix:
  rows: 3
  cols: 3
  data: [580.1782593649858, 0, 323.1258938886646, 0, 574.7845669708167, 233.7999203621366, 0, 0, 1]
distortion_model: plumb_bob
distortion_coefficients:
  rows: 1
  cols: 5
  data: [-0.1364766788969509, 0.1109965289995918, -0.006077854135449667, -0.002364723227473509, 0]
rectification_matrix:
  rows: 3
  cols: 3
  data: [1, 0, 0, 0, 1, 0, 0, 0, 1]
projection_matrix:
  rows: 3
  cols: 4
  data: [552.1619873046875, 0, 320.9697338757833, 0, 0, 548.177978515625, 230.0721581947655, 0, 0, 0, 1, 0]