image_width: 640
image_height: 480
camera_name: "depth_Orbbec_Orbbec    "
camera_matrix:
  rows: 3
  cols: 3
  data: [575.521750, 0.000000, 322.497258, 0.000000, 577.117507, 248.543544, 0.000000, 0.000000, 1.000000]
distortion_model: plumb_bob
distortion_coefficients:
  rows: 1
  cols: 5
  data: [-0.067953, 0.128376, 0.002026, 0.001976, 0.000000]
rectification_matrix:
  rows: 3
  cols: 3
  data: [1.000000, 0.000000, 0.000000, 0.000000, 1.000000, 0.000000, 0.000000, 0.000000, 1.000000]
projection_matrix:
  rows: 3
  cols: 4
  data: [573.495483, 0.000000, 323.103715, 0.000000, 0.000000, 575.258484, 248.802589, 0.000000, 0.000000, 0.000000, 1.000000, 0.000000]
