image_width: 640
image_height: 480
camera_name: "rgb_Orbbec_Orbbec    "
camera_matrix:
  rows: 3
  cols: 3
  data: [517.0707123192324, 0, 317.8515893739241, 0, 517.1570396751665, 242.9701207737654, 0, 0, 1]
distortion_model: plumb_bob
distortion_coefficients:
  rows: 1
  cols: 5
  data: [-0.006528845681952136, -0.03663403739250349, 0.0005880793002216527, 0.0001516749186130667, 0]
rectification_matrix:
  rows: 3
  cols: 3
  data: [1, 0, 0, 0, 1, 0, 0, 0, 1]
projection_matrix:
  rows: 3
  cols: 4
  data: [512.080810546875, 0, 317.3882822717715, 0, 0, 514.4484252929688, 242.6923279614148, 0, 0, 0, 1, 0]