image_width: 640
image_height: 480
camera_name: "rgb_Orbbec_Orbbec    "
camera_matrix:
  rows: 3
  cols: 3
  data: [515.2247379238582, 0, 319.4093059432818, 0, 515.7215591146171, 239.7265694984774, 0, 0, 1]
distortion_model: plumb_bob
distortion_coefficients:
  rows: 1
  cols: 5
  data: [-0.005918663431502372, -0.03997668620545818, -0.0002822902805577506, 0.001615274121075042, 0]
rectification_matrix:
  rows: 3
  cols: 3
  data: [0.9998566433691549, 0.007725732596160778, -0.01506671053744717, -0.007816182316620195, 0.9999517294195726, -0.005953664820873025, 0.01501998683621115, 0.006070575480015554, 0.9998687654431362]
projection_matrix:
  rows: 3
  cols: 4
  data: [524.0651823596545, 0, 333.0024566650391, -44.47372500621335, 0, 524.0651823596545, 241.560230255127, 0, 0, 0, 1, 0]