image_width: 640
image_height: 480
camera_name: "rgb_Orbbec_Orbbec    "
camera_matrix:
  rows: 3
  cols: 3
  data: [517.6198168930524, 0, 317.9601887238602, 0, 517.7797010779277, 242.8159562682925, 0, 0, 1]
distortion_model: plumb_bob
distortion_coefficients:
  rows: 1
  cols: 5
  data: [-0.002688804945698121, -0.04646801571709356, 0.001059110112422281, 3.12392686049272e-05, 0]
rectification_matrix:
  rows: 3
  cols: 3
  data: [0.9997276736640022, -0.002994776891429683, -0.02314324570436927, 0.003133877190612304, 0.9999772300148482, 0.00597647601732346, 0.02312482052073936, -0.006047376555337141, 0.9997142951427079]
projection_matrix:
  rows: 3
  cols: 4
  data: [524.0651823596545, 0, 333.0024566650391, 0, 0, 524.0651823596545, 241.560230255127, 0, 0, 0, 1, 0]