image_width: 640
image_height: 480
camera_name: "rgb_Orbbec_Orbbec    "
camera_matrix:
  rows: 3
  cols: 3
  data: [515.3772080561357, 0, 312.5970183226918, 0, 515.357800523404, 242.0665047226857, 0, 0, 1]
distortion_model: plumb_bob
distortion_coefficients:
  rows: 1
  cols: 5
  data: [0.01730441262700446, -0.09157832221503329, 0.002215005327455871, -8.418455209457682e-05, 0]
rectification_matrix:
  rows: 3
  cols: 3
  data: [0.9997871517231217, 0.02014927769622807, 0.004433718268881325, -0.02012208732717962, 0.9997789574126377, -0.006094088651829216, -0.004555529712874658, 0.006003575869370011, 0.9999716017096765]
projection_matrix:
  rows: 3
  cols: 4
  data: [524.0417915220463, 0, 314.2526702880859, -44.44716473327166, 0, 524.0417915220463, 245.8508586883545, 0, 0, 0, 1, 0]