image_width: 640
image_height: 480
camera_name: "rgb_Orbbec_Orbbec    "
camera_matrix:
  rows: 3
  cols: 3
  data: [516.4777750698347, 0, 312.7820220993811, 0, 516.6181005855051, 247.1259671293797, 0, 0, 1]
distortion_model: plumb_bob
distortion_coefficients:
  rows: 1
  cols: 5
  data: [0.01097214933153772, -0.07255500380539773, 0.0003613011683722922, 0.0009557622313571498, 0]
rectification_matrix:
  rows: 3
  cols: 3
  data: [0.9999198049283168, 0.008206481598558951, -0.009645588208583473, -0.008147982624423847, 0.9999482684905538, 0.006088573059045258, 0.0096950549905165, -0.006009492700366433, 0.9999349438369554]
projection_matrix:
  rows: 3
  cols: 4
  data: [524.0417915220463, 0, 314.2526702880859, 0, 0, 524.0417915220463, 245.8508586883545, 0, 0, 0, 1, 0]