image_width: 640
image_height: 480
camera_name: "rgb_Orbbec_Orbbec    "
camera_matrix:
  rows: 3
  cols: 3
  data: [507.688464, 0.000000, 308.737627, 0.000000, 506.982102, 248.654491, 0.000000, 0.000000, 1.000000]
distortion_model: plumb_bob
distortion_coefficients:
  rows: 1
  cols: 5
  data: [-0.007381, -0.047660, 0.001422, -0.001542, 0.000000]
rectification_matrix:
  rows: 3
  cols: 3
  data: [0.976784, -0.009881, -0.213999, 0.009306, 0.999950, -0.003694, 0.214025, 0.001616, 0.976827]
projection_matrix:
  rows: 3
  cols: 4
  data: [407.559837, 0.000000, 469.943113, -27.820882, 0.000000, 407.559837, 247.942833, 0.000000, 0.000000, 0.000000, 1.000000, 0.000000]
