image_width: 1280
image_height: 720
camera_name: senz3d
camera_matrix:
  rows: 3
  cols: 3
  data: [1008.791778, 0, 653.680078, 0, 1007.51747, 337.857339, 0, 0, 1]
distortion_model: plumb_bob
distortion_coefficients:
  rows: 1
  cols: 5
  data: [0.023626, -0.06884999999999999, 0.000129, 0.001304, 0]
rectification_matrix:
  rows: 3
  cols: 3
  data: [1, 0, 0, 0, 1, 0, 0, 0, 1]
projection_matrix:
  rows: 3
  cols: 4
  data: [1006.114075, 0, 655.169188, 0, 0, 1008.789307, 337.41289, 0, 0, 0, 1, 0]
