%YAML:1.0
depthShift: -6.8928580124413772e+00
