%YAML:1.0
cameraMatrix: !!opencv-matrix
   rows: 3
   cols: 3
   dt: d
   data: [ 1.0755364978304185e+03, 0., 9.7859282247052192e+02, 0.,
       1.0738428658641542e+03, 5.7302214379836300e+02, 0., 0., 1. ]
distortionCoefficients: !!opencv-matrix
   rows: 1
   cols: 5
   dt: d
   data: [ 4.7742202323199777e-02, -3.6932446761221795e-02,
       5.4084608130090840e-03, 8.0160944037514833e-03,
       4.3155087318161025e-03 ]
rotation: !!opencv-matrix
   rows: 3
   cols: 3
   dt: d
   data: [ 1., 0., 0., 0., 1., 0., 0., 0., 1. ]
projection: !!opencv-matrix
   rows: 4
   cols: 4
   dt: d
   data: [ 1.0755364978304185e+03, 0., 9.7859282247052192e+02, 0., 0.,
       1.0738428658641542e+03, 5.7302214379836300e+02, 0., 0., 0., 1.,
       0., 0., 0., 0., 1. ]
