%YAML:1.0
cameraMatrix: !!opencv-matrix
   rows: 3
   cols: 3
   dt: d
   data: [ 3.6522740911096361e+02, 0., 2.6727509873181492e+02, 0.,
       3.6206122200302883e+02, 2.0595984977478463e+02, 0., 0., 1. ]
distortionCoefficients: !!opencv-matrix
   rows: 1
   cols: 5
   dt: d
   data: [ 1.1001486976515830e-01, -3.4593337150330389e-01,
       3.3763273006996554e-03, 3.0276975202786554e-03,
       2.1462062104513496e-01 ]
rotation: !!opencv-matrix
   rows: 3
   cols: 3
   dt: d
   data: [ 1., 0., 0., 0., 1., 0., 0., 0., 1. ]
projection: !!opencv-matrix
   rows: 4
   cols: 4
   dt: d
   data: [ 3.6522740911096361e+02, 0., 2.6727509873181492e+02, 0., 0.,
       3.6206122200302883e+02, 2.0595984977478463e+02, 0., 0., 0., 1.,
       0., 0., 0., 0., 1. ]
