%YAML:1.0
rotation: !!opencv-matrix
   rows: 3
   cols: 3
   dt: d
   data: [ 9.9992196497259067e-01, -1.0458168796404521e-02,
       6.8330572058955610e-03, 1.0531325230331628e-02,
       9.9988665620566364e-01, -1.0759457734943521e-02,
       -6.7197584961150858e-03, 1.0830579268117027e-02,
       9.9991876839994898e-01 ]
translation: !!opencv-matrix
   rows: 3
   cols: 1
   dt: d
   data: [ -5.2837503233895564e-02, -1.0241476932811404e-03,
       1.1581603979213562e-02 ]
essential: !!opencv-matrix
   rows: 3
   cols: 3
   dt: d
   data: [ -1.1508761303079836e-04, -1.1591383389048398e-02,
       -8.9945272160812462e-04, 1.1225644947160121e-02,
       4.5113839775636996e-04, 5.2912348921491166e-02,
       4.6761884297297077e-04, -5.2842225140244559e-02,
       5.7550094264051702e-04 ]
fundamental: !!opencv-matrix
   rows: 3
   cols: 3
   dt: d
   data: [ -2.2184097921856575e-07, -2.2538749199373171e-05,
       4.0681495749491734e-03, 2.1672494885451048e-05,
       8.7859504484350406e-07, 3.1335904686125279e-02,
       -1.1232266482481726e-02, -8.8956995502146030e-02, 1. ]
